1	5 78
1	-77 7
1	-60 56
1	-13 96
0	85 -7
0	56 -34
1	-50 9
0	30 -64
1	-6 90
1	-99 -84
0	82 31
1	-62 -42
1	18 77
1	14 80
0	-34 -70
1	-83 47
0	29 -1
0	40 -41
0	44 -42
1	-81 94
0	90 70
0	66 -6
1	15 39
1	-72 -35
0	43 0
0	34 -30
1	-22 58
0	85 50
1	-36 -22
0	-44 -85
0	-8 -97
0	-1 -2
1	8 51
0	41 5
0	84 -55
1	11 92
1	-3 66
0	74 12
1	-47 34
0	9 -31
1	23 27
1	-73 -45
0	-15 -62
0	-22 -84
1	-50 66
0	65 14
0	1 -15
1	68 87
0	61 -39
0	61 -81
1	-32 -30
1	-76 71
1	-60 11
1	-31 69
1	-78 -66
0	50 -46
1	-81 -14
1	-14 48
1	9 70
1	3 54
1	-15 -3
1	-53 51
0	-48 -86
1	53 63
1	-90 -65
0	-56 -61
0	6 -52
1	-86 60
0	61 -3
1	-54 82
1	33 80
0	-83 -91
0	71 -25
1	-48 94
0	60 -72
1	34 94
1	-48 75
1	-8 15
0	74 16
1	-82 -44
0	26 -35
1	11 27
0	75 -22
1	-54 43
0	2 -71
1	-72 -58
1	-91 -5
0	-44 -67
1	-75 58
0	-35 -56
0	3 0
1	43 71
0	-10 -41
0	36 -59
1	-97 -77
1	-67 -4
1	-72 -53
1	-57 14
1	-74 -50
1	-66 -47
1	-76 61
1	-62 33
1	-37 -21
1	-96 -29
0	29 -72
0	72 -99
0	-31 -33
1	23 28
0	32 15
1	-70 43
1	-38 22
1	-4 -3
1	-67 88
1	-92 69
1	41 44
1	-11 -9
0	-65 -69
0	-28 -77
0	11 -93
0	52 9
0	94 -30
0	76 21
1	23 56
1	-54 52
0	-17 -35
1	-20 83
0	12 -28
0	-35 -81
0	84 6
0	42 27
1	12 83
1	-29 30
1	-19 91
0	19 -47
1	-100 88
0	5 -73
0	14 -23
0	40 -51
0	28 -22
0	-68 -71
1	-57 -13
0	65 9
0	60 -39
0	79 -97
0	22 -81
1	42 80
1	-72 -56
0	38 -13
0	96 -10
0	-68 -86
1	-92 55
1	17 91
0	83 62
1	-41 -40
0	100 1
1	10 21
1	-26 -23
1	-92 1
1	-96 -4
0	67 -54
0	66 -16
1	-63 55
0	67 10
0	30 -81
0	88 8
1	-99 -73
0	48 -29
0	40 -99
0	81 -34
1	4 69
0	82 -39
0	92 66
1	-64 -53
1	-19 -7
1	-50 65
0	57 -45
1	-11 100
0	-4 -96
1	-72 -43
1	-78 66
0	6 -59
0	63 32
0	-58 -70
1	-43 37
1	-24 97
1	-59 -47
0	72 -4
1	33 99
1	-21 94
1	-32 -7
1	-99 90
1	-83 52
1	-87 80
1	-51 32
0	70 -39
1	33 46
0	-1 -88
0	33 8
0	94 88
1	-37 95
1	23 57
1	-81 -65
0	11 -24
0	-61 -90
1	77 79
0	68 -48
1	-72 -50
0	59 -2
1	-55 -52
0	12 9
1	-40 90
0	53 -3
1	-3 2
0	20 -100
1	69 85
0	-48 -75
0	-65 -68
0	21 -29
0	99 91
0	-5 -73
0	73 -1
0	63 -16
0	-57 -99
0	44 2
1	-39 95
0	-14 -94
1	-24 34
0	-33 -40
1	-55 83
0	-1 -46
1	-36 35
0	-23 -91
1	23 59
0	26 -85
0	3 -1
0	52 -14
0	0 -91
1	-74 47
0	71 -93
0	19 -97
0	-48 -94
0	28 -31
1	-18 -9
1	-85 -8
0	87 -37
1	-14 75
0	18 -33
1	27 33
1	31 69
0	72 67
0	16 -65
1	-81 -49
1	-5 78
0	-24 -31
0	-38 -50
1	-96 29
0	64 -18
1	-65 -6
1	-77 -18
0	17 -12
0	57 -69
0	82 -100
1	17 18
1	11 47
0	-87 -93
0	63 -70
0	12 -18
0	87 21
1	-92 46
1	19 42
0	66 -53
0	67 -65
1	-9 -4
0	63 -57
1	-61 26
0	39 23
0	10 -83
0	13 -11
1	-33 16
0	84 35
0	89 -42
0	-10 -42
1	8 49
0	76 10
1	-25 23
1	-22 90
1	-3 -2
1	-23 20
0	63 -65
1	-33 95
1	-86 69
1	2 3
1	-76 -33
0	88 -36
0	-19 -39
1	-88 74
0	91 50
1	-100 67
1	-98 99
1	-81 11
1	-99 -35
0	66 44
0	27 -72
0	47 -93
1	-18 49
1	-85 -14
1	-92 -32
0	10 -26
1	-57 36
1	-37 8
1	41 93
0	-23 -91
0	20 -50
0	72 52
1	-53 -16
1	-33 36
0	67 -38
0	75 67
0	9 -96
0	-81 -88
1	-97 -39
1	-79 76
0	21 -39
0	-7 -90
0	-28 -96
1	-49 98
0	64 13
0	-34 -100
0	18 -19
1	-75 49
0	65 -56
1	-71 -64
1	24 47
1	41 65
1	-76 -6
0	-7 -9
0	87 82
1	-26 56
0	61 5
1	12 24
1	-60 65
0	76 32
0	-86 -92
0	-60 -69
0	-40 -75
0	76 22
0	72 -10
1	-3 77
0	61 -77
0	11 -24
1	-39 5
0	-89 -95
0	78 -79
1	-34 36
0	94 -38
0	84 -98
1	2 46
0	-20 -85
1	-64 -37
1	-52 -43
1	73 74
1	20 59
1	10 26
0	-13 -82
1	-65 4
1	-65 65
1	-33 82
1	3 44
0	28 13
0	-10 -13
1	-82 25
0	72 21
0	3 -6
1	76 82
0	11 -89
1	-3 20
0	-77 -84
1	32 49
0	24 -6
0	38 5
0	56 -96
1	-14 15
1	33 58
1	-76 -54
1	-31 36
0	11 -46
0	57 55
1	3 48
0	49 -52
0	58 -5
0	70 56
0	-64 -78
1	-98 94
1	-99 88
0	7 -86
1	55 65
0	39 -42
1	-92 0
0	-15 -57
0	-7 -45
1	-62 -40
1	-28 8
1	-26 -23
0	-53 -84
0	60 -33
0	89 -22
1	61 97
0	77 -2
1	3 67
0	72 -84
0	43 -84
0	37 -12
1	-40 81
1	-9 -3
0	82 -48
1	-77 28
1	81 94
0	88 44
0	31 -45
0	98 92
1	-18 -11
0	98 86
1	-37 93
0	93 -59
1	-68 35
1	10 89
1	-6 17
0	63 -69
1	-83 96
0	24 -33
1	-86 -65
0	17 -5
1	-53 5
0	54 26
0	94 90
0	43 6
0	56 11
1	8 41
0	70 51
1	-18 100
1	-73 65
0	-12 -30
0	25 16
0	-3 -22
1	-74 -18
0	-8 -51
1	-89 24
1	47 56
0	-22 -46
0	99 92
1	70 96
0	19 -55
1	25 52
1	-85 19
0	50 -13
0	74 -30
0	-22 -24
0	76 37
1	-24 66
0	23 -63
1	-39 -10
0	92 -43
0	84 -32
0	58 32
0	52 35
1	-87 -32
1	38 48
1	30 42
1	-26 -18
1	-14 0
0	81 -30
0	70 17
0	49 -87
0	29 -19
0	-10 -88
1	-86 -20
0	93 -41
1	-98 3
1	-72 -23
0	65 -30
0	-43 -86
1	-88 -10
1	-12 18
1	-54 -46
0	29 -100
1	-6 87
0	-8 -11
0	-21 -86
1	-82 -35
1	9 93
0	28 0
1	-11 22
0	-2 -72
0	36 -28
1	-64 17
1	-78 -55
1	-87 -40
1	-40 -37
1	54 56
0	3 -35
1	-25 61
1	13 70
0	0 -13
1	-44 36
1	-93 -92
1	-1 52
0	99 4
0	55 21
0	80 24
0	48 -36
1	-93 -62
1	18 61
0	55 -89
0	14 -9
0	34 -20
1	-41 93
1	39 53
1	20 24
1	-4 40
0	67 -16
1	-50 -2
1	16 23
1	-61 94
0	29 -47
0	78 66
0	29 -4
1	-94 -59
0	-6 -24
0	23 -55
0	3 -100
1	5 6
0	-8 -66
1	-77 5
0	48 -29
0	-14 -38
0	-74 -98
1	-33 -1
0	99 -2
0	66 -55
1	-83 -22
0	-39 -76
1	-69 -67
1	27 97
0	35 30
1	-39 1
1	-45 89
0	36 -46
1	-21 38
0	-36 -97
1	-24 82
1	-22 12
1	-85 83
0	-17 -96
1	44 74
1	-72 47
0	15 -24
0	-35 -46
0	49 15
1	-81 -71
1	-82 5
0	30 4
1	-30 -5
0	-54 -56
1	-50 -34
0	50 5
0	37 -62
0	91 38
0	70 40
0	9 -29
1	-67 9
1	-45 -11
0	42 -42
0	77 52
0	83 -30
1	-88 -52
0	59 -54
1	-53 97
1	40 96
0	64 -3
1	-96 -51
1	-55 98
1	30 41
1	25 40
0	41 38
1	-75 94
0	96 46
0	14 -28
1	-74 92
0	41 -60
0	50 13
0	94 -94
0	2 -1
1	-69 -9
0	16 -17
1	34 67
0	29 -33
0	84 -60
0	29 -56
1	-100 34
1	67 73
1	-48 59
0	2 -27
1	44 69
1	-87 -1
0	-6 -39
1	29 49
0	-18 -56
1	-83 -75
0	85 3
1	-77 39
0	71 55
0	-59 -67
1	56 84
1	-62 -47
0	27 -12
0	74 35
0	8 -70
0	100 -23
1	65 100
0	67 37
1	5 79
0	-30 -70
0	-69 -71
1	-68 -31
1	-67 48
1	41 83
1	-95 -5
1	42 72
1	27 43
1	-55 14
0	56 -89
1	-6 18
0	95 34
0	88 -25
0	59 -81
1	-55 -35
1	-55 -12
1	-95 98
1	-43 17
1	43 44
1	61 62
0	59 43
0	-43 -90
1	46 78
1	51 67
0	63 -62
0	-11 -15
1	15 40
1	-43 17
1	-47 74
0	10 -88
0	62 -89
0	9 -80
1	-86 -39
1	-91 37
0	31 -2
0	70 59
0	-27 -54
0	-35 -97
1	-20 14
1	-83 74
0	-25 -31
0	22 19
0	23 14
1	-63 65
0	-45 -84
0	70 21
0	96 64
0	-20 -25
0	-49 -58
1	-70 29
1	-63 -8
1	-11 77
0	54 -24
0	-27 -58
0	88 -9
0	-57 -58
0	94 -77
1	-63 94
1	-79 90
0	65 -87
1	-100 6
0	42 2
1	-96 33
1	-64 73
1	78 93
0	65 18
0	14 -64
1	-93 16
1	-65 -35
1	-99 -63
1	76 94
0	85 -67
0	-69 -100
0	93 -90
0	-1 -47
1	40 81
1	-56 36
1	-100 92
0	-16 -46
0	44 5
0	95 18
1	-13 12
0	39 -63
1	-95 -43
1	-71 49
0	64 -50
0	82 69
1	8 26
0	51 -6
0	22 16
1	10 25
0	78 -62
1	-25 18
1	-77 68
0	41 -24
0	-41 -89
0	62 37
1	-17 84
1	-42 -39
1	-99 -12
1	-65 22
0	97 -92
0	-4 -44
0	47 15
1	43 62
0	-6 -22
1	-61 -12
1	-72 -40
1	-11 92
1	-29 93
0	30 -12
1	-44 -8
1	-4 85
0	45 -54
0	82 -43
0	-16 -72
1	-40 68
0	72 46
0	-60 -86
0	41 -68
1	-12 -6
0	-35 -49
1	7 54
0	71 33
1	-27 7
0	69 -93
0	10 6
1	-33 -25
0	90 58
1	-67 91
0	3 -100
0	95 -73
0	38 -70
0	82 -6
1	-56 14
1	-27 95
1	-41 3
0	94 34
1	15 97
1	-98 42
0	64 19
1	-78 1
0	-45 -64
1	31 70
1	-69 -7
1	-85 -3
1	21 46
0	-20 -61
0	57 3
0	39 -91
0	-52 -70
0	85 60
1	-18 57
0	0 -25
0	89 64
0	-12 -58
1	66 83
0	50 49
1	24 56
0	-5 -68
1	44 55
0	92 54
0	63 30
1	-54 9
1	-57 10
1	-96 -59
1	12 52
1	-30 -6
1	-13 37
0	13 -19
1	-14 13
1	-89 -59
0	82 -47
0	47 -29
0	86 -97
0	-9 -39
1	4 50
0	88 -74
1	-20 18
1	65 91
1	-34 68
1	-55 -8
1	-86 91
1	-16 17
1	-68 18
0	-39 -90
1	-92 48
0	97 -91
1	-74 68
0	-57 -85
1	-16 35
0	29 -97
0	92 -61
1	-48 17
1	-98 -30
1	-50 -30
1	47 54
0	95 -7
0	16 -73
1	-58 59
1	-41 56
0	-69 -99
1	-66 41
0	-1 -19
1	-24 58
0	67 27
0	47 3
0	65 -53
0	64 -20
0	100 -100
0	-22 -66
0	19 -56
0	36 -26
1	28 34
1	-87 65
1	-37 39
1	-49 62
1	47 65
0	31 -1
0	99 -62
0	52 -60
1	-74 22
1	-81 72
0	15 -57
1	-43 69
1	-64 -7
0	36 -79
1	-93 24
1	-37 100
0	-46 -72
0	17 -68
0	-66 -99
0	57 35
0	80 -56
0	-8 -59
1	-79 36
0	-27 -83
0	-15 -96
0	-10 -59
0	-31 -60
0	-52 -66
1	-10 98
0	-69 -95
0	-13 -72
0	45 -49
1	-59 -37
0	30 -76
0	16 -20
1	-90 -81
1	-100 -4
0	64 -64
0	-3 -25
0	-15 -86
0	83 -72
1	-68 93
1	-18 -11
1	6 95
1	-8 51
0	54 -69
1	-60 99
0	81 -58
1	-99 99
1	-45 91
0	-5 -17
1	-2 97
1	-45 33
1	-69 -7
1	-40 -4
1	-68 -7
0	83 23
1	-98 -97
1	-100 59
0	-2 -63
1	-42 32
0	64 -90
1	-31 82
1	-50 9
1	-63 -59
1	25 36
0	-60 -74
0	54 -81
0	48 -92
1	25 45
1	-4 79
1	-82 31
0	-3 -33
1	7 96
1	-41 100
0	-41 -44
0	76 24
0	-54 -60
1	51 74
1	-82 93
0	90 80
1	-7 91
0	37 -99
0	-68 -87
1	69 70
1	-97 -49
1	-48 56
1	-81 43
0	53 -51
0	57 -24
1	-59 5
0	32 -9
0	-58 -74
0	-36 -75
0	-36 -54
0	-67 -80
0	86 -79
1	-94 -35
1	68 100
1	-53 34
0	100 -47
0	76 -69
0	-85 -88
1	-81 -63
1	62 81
0	34 2
0	-41 -55
0	73 34
0	7 -97
0	100 -33
1	28 84
1	18 24
0	-63 -99
1	-60 79
1	-63 5
1	-74 85
0	64 -67
0	-18 -96
1	29 30
0	30 12
0	82 -68
1	61 74
1	-78 11
0	65 -19
0	-34 -97
0	8 -19
1	39 96
1	-6 31
1	-63 4
0	86 49
1	-55 -2
0	85 82
0	87 20
0	55 51
0	55 -77
0	72 -18
0	-13 -46
0	86 -96
1	-68 -17
1	-47 -6
1	40 52
1	-55 -33
0	66 -81
0	48 -54
0	40 -6
1	-40 94
0	87 10
1	-85 45
0	29 -97
1	27 29
0	-30 -50
0	68 -85
1	-98 -49
1	-92 21
1	15 87
1	-30 73
1	-24 -4
1	-31 23
0	71 -45
0	90 73
1	14 21
0	44 -95
0	85 29
0	81 -55
1	-97 0
1	-19 68
