0	177 34 68
0	-60 -36 -42
0	-159 -100 -65
1	-57 -40 33
0	104 43 -7
1	-23 81 -48
0	62 53 -14
0	53 -10 -25
1	-47 85 -83
1	-128 53 -82
1	-139 -98 41
1	-70 -36 34
0	-106 -87 -56
1	-9 -8 90
0	-34 3 -85
1	-135 -34 -10
0	-40 5 -54
1	23 71 20
1	69 92 25
0	-5 28 -45
0	245 62 87
0	-41 -72 -26
0	-23 -39 14
0	134 2 82
0	-76 -92 -4
0	60 -21 15
1	97 64 53
0	105 62 -50
1	-64 38 -63
0	-53 -36 -47
0	198 44 95
0	60 -77 92
0	166 36 85
0	-26 -38 -29
1	-98 19 -29
1	-55 35 -88
1	98 97 13
1	-76 13 -70
0	168 85 31
0	0 -59 34
1	-201 -79 -39
0	0 17 -70
0	9 12 -21
1	12 71 -27
1	-23 38 -27
1	137 79 70
0	117 68 -44
0	127 10 85
0	20 26 -86
0	-36 -100 -25
1	4 27 19
0	2 -81 -5
1	-23 -75 73
1	-27 76 -68
1	-196 -86 -13
0	-125 -100 -28
0	245 98 58
0	94 -43 51
0	100 -1 45
0	21 42 -96
0	89 -7 43
0	71 37 12
1	83 100 -9
0	28 33 -57
1	-20 72 -38
1	-74 27 -77
0	70 36 -2
1	-201 -86 -53
0	96 33 57
0	-43 -42 -36
1	-8 46 28
0	-74 -85 -53
0	99 84 9
0	42 44 -28
0	-26 -3 -27
1	11 -42 80
0	-11 -60 25
0	80 79 -60
1	-106 -9 -31
0	126 24 16
1	-167 -71 -51
1	22 -17 76
0	114 -9 74
0	7 -50 48
1	-51 -56 95
0	35 2 -66
1	137 79 85
1	59 100 -9
0	100 -28 35
0	-114 -49 -71
1	-80 97 -90
1	-39 -20 16
1	-48 -16 -26
1	-243 -76 -84
0	-21 -11 -44
1	-47 -9 31
0	78 -35 45
0	38 1 14
0	57 30 -36
1	-52 -32 4
0	117 93 -16
0	138 90 27
1	-80 -52 -10
0	-66 -74 -10
1	0 -38 47
1	80 98 42
1	-115 -20 -26
0	133 54 27
0	40 -71 71
0	-2 -18 -36
1	22 66 48
0	152 40 57
1	-95 -58 -18
1	-174 -79 -53
1	-77 -26 -8
1	55 56 32
1	-98 -99 10
1	-27 41 -14
1	78 74 76
1	-26 70 -75
0	63 63 -90
1	-27 -32 11
1	-160 -71 -62
1	-49 -12 63
1	-136 -100 44
0	2 -9 -56
1	29 85 -40
0	58 89 -56
1	-9 -40 86
1	-126 -44 -38
1	-15 57 -8
0	12 8 -23
0	31 71 -93
0	-92 -97 -90
0	65 92 -82
0	185 68 79
1	-87 19 -69
1	-75 13 -72
1	-114 -90 37
0	-61 -91 -5
1	-46 -30 -3
0	-115 -84 -61
1	-101 -53 25
0	205 80 91
1	67 63 99
1	-126 12 -83
1	171 75 99
0	176 71 12
1	-200 -61 -91
0	-12 -6 -83
1	55 83 56
1	12 65 -46
1	-152 -30 -87
0	46 -69 93
1	-149 -49 -50
0	-4 -12 -74
1	46 56 -1
0	70 75 -94
1	-11 -10 7
0	186 35 83
0	195 99 52
1	-79 -81 83
1	-130 -12 -25
0	-1 10 -19
1	-109 -96 80
0	82 -40 43
1	-1 79 -64
0	-19 -67 37
1	43 28 73
1	33 -14 92
1	-55 -26 69
1	-87 -93 42
0	113 18 47
0	78 3 -18
1	-96 -92 86
1	-187 -58 -78
1	-108 -95 42
0	149 58 56
0	119 76 -43
1	12 72 -16
1	-60 -20 -26
1	-75 43 -60
1	-95 75 -84
0	104 89 -67
1	18 -45 72
1	61 47 65
0	109 61 -32
1	-35 2 34
0	227 95 83
0	6 -60 6
1	41 25 62
0	71 -76 73
1	-137 -27 -14
0	-59 -44 -75
0	175 96 6
1	60 93 1
0	120 26 14
1	32 84 -12
0	-48 -8 -56
0	153 68 16
0	73 -26 65
0	104 40 39
1	-24 -18 88
0	89 13 -23
1	-107 -5 -30
1	-157 -24 -94
1	-127 16 -87
1	-91 -63 71
1	-54 54 -24
1	-148 -33 -85
0	11 11 -53
1	-52 21 9
0	153 67 47
0	60 -16 9
0	-84 -69 -70
0	105 14 30
0	90 30 -40
1	104 63 74
1	-136 -82 -28
1	14 87 -5
0	87 -90 96
1	36 7 43
1	-3 -31 33
0	-111 -82 -56
1	-49 -32 74
0	-27 -47 0
0	-16 -86 7
0	21 40 -75
0	119 48 -8
1	58 76 30
0	85 -5 24
0	-11 -89 42
0	36 -85 70
1	-200 -17 -92
1	-184 -86 -26
1	104 40 68
1	33 -13 51
1	6 12 11
0	55 -59 30
0	27 -58 33
1	20 36 7
0	22 98 -100
0	-108 -84 -29
1	13 -36 82
0	84 13 23
0	37 3 10
1	-93 -13 -64
1	-156 -25 -70
0	13 -55 32
0	43 83 -65
1	-132 -42 -71
0	30 -70 12
1	12 -51 86
1	-127 -79 43
0	-41 5 -62
0	115 -7 44
0	94 0 75
0	38 -40 3
0	34 -57 66
0	20 -45 32
0	21 57 -59
1	41 34 51
0	67 42 -68
1	45 -50 98
0	-42 -39 -83
1	-91 92 -88
0	19 -75 -4
1	30 59 -4
0	46 -46 59
1	88 63 43
0	-35 -68 -67
1	66 57 18
1	-22 64 -80
1	-54 -63 12
1	-125 -4 -34
1	-123 -18 -64
1	-54 -10 -1
1	13 85 -50
1	-56 -37 67
1	-51 -62 81
1	-98 3 -1
0	-9 -27 -55
1	-58 65 -47
0	36 -26 51
1	-9 -33 77
0	194 93 11
0	102 52 -16
0	198 60 42
0	-24 -49 -26
0	114 42 -4
0	45 -77 75
1	-215 -61 -88
1	8 39 -6
1	141 74 95
1	-94 -46 22
0	29 -11 -19
1	-41 80 -69
0	134 -41 99
1	69 93 69
0	167 53 16
1	-138 -99 -28
1	-21 99 -91
0	197 70 32
1	-123 -61 -2
0	119 8 98
0	-48 0 -82
0	170 19 71
0	288 96 92
0	68 22 13
0	71 -92 70
0	93 75 -24
1	-36 -29 50
0	-13 33 -48
0	-1 52 -64
1	-89 -38 3
1	54 29 51
1	-73 52 -72
0	141 45 40
1	94 78 25
0	9 70 -82
1	-245 -48 -97
1	-152 -78 -20
0	-26 -90 48
0	26 -3 -20
1	128 69 70
1	-5 -10 59
1	-189 -74 -57
1	-171 -26 -76
1	-124 -30 -23
0	21 16 -16
0	112 98 13
0	-15 -90 66
0	-3 -64 -20
0	110 -48 83
1	77 92 -4
1	-33 14 10
0	-30 -61 -48
1	135 74 79
1	-92 -68 58
0	16 -67 33
1	-165 -88 -72
1	-74 -27 -46
1	-25 79 -93
1	14 32 48
1	-116 -95 21
1	-202 -23 -88
0	-6 -32 -42
0	58 88 -98
1	3 9 78
1	-235 -70 -92
0	11 -35 -45
0	90 73 8
1	-119 -51 6
1	19 81 -43
0	54 -98 83
1	15 -53 81
1	-26 70 -95
0	79 21 16
0	76 41 -38
1	-68 -12 -44
1	-88 -34 35
0	106 82 -16
0	-3 -70 13
1	-3 -34 89
0	63 -18 30
1	-229 -78 -79
0	125 46 16
0	140 19 57
1	-124 -45 1
0	129 57 36
0	4 24 -60
0	38 -52 -3
0	-32 -97 7
0	84 -25 62
1	-48 90 -83
1	-184 -81 -18
1	-61 -61 17
0	41 -5 45
1	-148 -48 -33
1	-24 -21 84
1	-251 -95 -75
1	-187 -78 -95
1	7 97 -56
1	-187 -43 -61
1	-159 20 -98
0	-37 -18 -69
1	-58 -67 26
1	-50 70 -54
1	-85 -47 -35
0	152 -31 84
0	-3 23 -96
1	-113 -5 -51
0	-5 -14 -46
0	-52 -76 -25
0	-86 -75 -69
0	121 -65 93
0	227 99 39
0	169 78 33
1	-52 -9 52
0	-6 -73 61
0	87 3 51
0	82 34 -39
0	233 96 80
1	44 -3 100
0	31 12 -43
0	-2 -7 -82
0	98 23 65
0	-70 -42 -78
1	-13 22 2
1	-27 10 -7
0	20 -48 67
1	-17 11 1
0	96 34 -15
0	157 41 19
0	222 50 87
1	-52 -11 9
1	91 64 38
1	28 93 -33
1	-40 41 -21
1	64 57 89
1	142 65 94
1	-62 47 -50
0	30 43 -39
0	91 -76 82
1	-28 47 -14
1	96 94 83
1	-97 13 -64
0	20 2 -33
0	111 -59 91
0	25 -16 25
1	77 93 -8
1	24 -40 94
0	24 22 -79
0	-71 -16 -68
0	-37 -28 -32
0	3 0 -87
1	-106 -84 32
0	25 -2 -65
1	-169 -86 -1
1	124 71 71
0	108 61 -29
1	1 33 -8
0	-17 -20 -92
0	42 85 -70
1	16 13 63
0	186 64 67
0	-7 -43 -12
0	29 77 -76
1	57 76 12
0	132 33 91
0	225 57 93
0	-17 -3 -92
1	-56 -77 31
1	-136 -76 -21
0	-12 -11 -54
1	-28 -18 7
0	102 16 30
0	20 38 -96
0	132 83 31
0	-12 -12 -49
0	200 43 59
1	-45 -76 98
1	-14 64 -66
1	-6 63 -21
1	-75 -35 -25
0	171 72 19
0	-44 -20 -88
0	-27 -30 -96
0	64 -16 69
0	-29 -33 -87
0	51 -34 64
0	13 18 -88
1	-40 -31 80
0	51 -7 -20
1	-6 -15 30
1	-36 -57 86
1	0 20 8
1	-102 35 -68
1	-38 80 -90
1	43 70 -20
1	-68 29 -58
1	65 93 -26
0	238 54 85
1	87 2 89
1	-45 17 0
1	-28 76 -44
1	91 100 81
0	13 12 -30
1	-54 78 -69
1	-165 -5 -62
0	156 22 55
1	43 -18 90
0	98 30 -14
0	-36 40 -77
1	-2 -11 19
1	-156 -38 -78
1	-128 -34 -55
0	126 3 69
0	94 33 -14
0	164 93 -19
0	72 -9 73
0	15 22 -46
1	-24 26 32
1	-60 38 -73
1	16 10 28
1	-16 22 -5
0	12 -10 -27
1	-119 16 -62
0	-65 -7 -92
0	44 -38 20
0	85 99 -18
1	148 98 62
1	-110 -15 -37
0	177 91 65
1	-4 -60 59
0	17 -79 80
1	-249 -82 -81
1	-59 25 -77
1	-38 -74 54
0	-84 -81 -69
0	1 -50 -12
1	-12 65 0
1	-20 -53 47
0	222 68 76
1	-23 9 -3
1	42 34 88
0	195 87 63
0	-79 -93 -11
1	100 95 87
1	-109 -42 -38
0	130 90 27
0	94 -62 58
0	-19 -91 31
1	-42 -24 -3
0	-66 -27 -82
1	-32 7 -15
0	168 7 63
1	-173 -94 12
1	-87 -5 -60
0	-65 -63 -79
0	-73 -96 -42
1	55 41 75
0	76 -29 25
1	-15 8 32
1	-11 -87 92
0	33 33 -30
0	-16 -66 11
0	-154 -79 -89
0	-80 -7 -74
1	-143 31 -81
1	-162 -4 -58
1	-9 13 42
0	-5 4 -65
1	-189 -96 -63
0	-2 -81 -18
0	80 77 -55
0	32 91 -65
0	31 70 -45
0	48 16 -26
1	-65 -54 -5
0	-158 -94 -97
0	-48 -40 -21
1	77 31 97
1	-179 -71 -97
0	205 75 94
1	-38 -13 0
0	-9 -83 60
0	103 -13 55
1	-91 1 -78
1	1 77 -13
1	23 86 -31
0	-14 53 -84
0	-12 -12 -50
0	95 2 15
0	-50 -68 -55
1	24 72 49
1	28 66 40
1	-55 38 -29
1	-149 -59 -1
0	10 33 -60
0	179 30 79
0	136 77 -24
1	-112 56 -90
0	-32 -90 -34
1	-33 0 16
1	-60 16 -27
1	-11 29 -14
1	-32 27 7
1	-80 -55 16
1	-37 -24 69
1	-95 -21 -71
1	16 63 -19
0	-29 3 -94
1	-41 -51 73
0	33 53 -34
0	124 100 -5
0	37 -24 57
0	46 18 14
0	84 62 9
0	-49 -83 -18
0	-7 -54 -3
0	134 -5 71
1	74 95 -1
1	47 50 6
0	-54 -56 -96
1	-60 -14 -34
1	99 46 54
0	93 29 -32
1	27 35 -4
0	1 -39 29
0	66 32 23
1	21 74 -4
1	-22 16 14
0	50 -80 79
1	-118 24 -60
1	-90 8 -68
1	-93 -46 39
0	175 23 81
1	-104 7 -16
0	-19 -19 -54
0	148 -8 74
1	-135 -87 -5
0	41 94 -93
0	36 82 -79
0	2 -19 -18
1	-114 -80 -22
1	-88 7 -68
0	86 36 48
1	27 18 71
1	-171 -7 -99
0	189 83 25
1	-90 -44 28
1	22 26 43
0	-35 -97 18
0	73 74 -52
1	-92 28 -30
1	-103 24 -65
0	205 88 30
1	-159 -12 -66
0	-49 -11 -89
1	-47 3 25
0	116 -5 23
1	-114 -75 38
0	66 -53 54
0	-25 -19 -81
1	-52 35 -69
1	5 3 13
1	-88 36 -33
0	-47 -36 -37
1	-151 -37 -85
1	47 9 91
1	-29 75 -22
1	3 99 -53
1	-5 -75 82
1	157 91 90
1	-84 100 -96
0	21 15 -14
0	230 63 68
1	-71 49 -40
0	52 5 27
0	-149 -81 -90
1	-26 99 -69
1	5 -24 52
0	77 41 21
1	-107 -6 -19
1	-83 15 -22
1	-124 -40 -32
1	-102 -99 19
0	121 90 -25
0	178 96 7
0	158 63 -5
0	-23 -16 -21
0	100 -74 82
0	97 -40 63
1	-89 -80 89
0	237 98 66
1	-92 -81 24
1	-7 54 16
1	-165 -29 -44
1	54 29 29
1	-235 -82 -77
0	88 15 52
0	233 100 100
1	80 41 57
0	91 50 39
1	-55 -43 29
0	171 54 21
0	86 78 -88
1	-147 -77 4
1	-111 -17 -62
1	-96 -78 38
1	-185 -99 -25
1	4 21 51
1	-235 -56 -90
0	-21 -51 -19
0	-30 -80 -45
0	-31 -27 -24
1	78 96 5
0	-36 -78 -34
1	-73 -5 -26
0	-47 -100 -21
1	-48 22 -51
1	-36 10 18
0	207 100 92
0	11 -51 -15
0	-86 -85 -67
0	-6 -2 -64
1	53 80 31
0	124 5 95
0	-5 -69 16
0	210 98 39
1	-153 -61 -85
1	-146 -9 -93
1	-154 -61 -74
1	39 68 -3
0	159 85 -20
0	-82 -90 -61
0	53 43 -10
1	-93 -80 -7
1	30 65 45
1	41 37 43
1	-80 -50 28
1	-17 -4 64
1	-55 -23 21
0	-22 -81 -13
0	207 100 73
1	-144 29 -76
0	98 66 -46
0	-124 -89 -93
0	0 -80 20
0	207 53 95
0	-111 -75 -94
0	-49 -70 -22
0	-127 -91 -48
0	72 56 -12
0	58 82 -30
1	24 75 7
1	167 76 94
1	-150 43 -99
0	35 -33 -22
0	82 10 31
1	64 -7 78
1	-56 -36 12
1	21 90 -10
1	-3 -34 58
0	31 41 -24
0	-86 -64 -78
1	-64 -67 47
1	-100 74 -87
1	-134 -19 -45
1	16 76 38
0	-127 -72 -83
0	219 65 74
0	-2 -41 -17
1	-133 -50 -41
0	78 32 35
1	-23 95 -58
1	-72 18 -57
1	-84 -61 -15
0	-66 -25 -79
1	-7 -6 3
1	-70 -49 2
1	-117 -65 -4
0	217 81 61
0	-2 18 -62
0	128 41 -6
1	47 1 47
0	-22 17 -65
1	-74 -7 -39
0	-33 -100 6
0	-133 -66 -95
0	66 -22 37
1	7 6 52
0	-66 -84 17
1	-106 -75 67
0	179 14 92
1	-62 93 -87
0	102 69 -14
0	-35 -53 8
0	-35 -16 -81
0	-51 -14 -97
1	72 22 98
1	-4 35 39
0	73 -40 96
0	-92 -41 -81
1	-16 93 -36
1	9 56 32
1	-37 -68 33
1	21 36 -11
1	37 93 -48
1	-106 -55 -48
1	-120 -100 47
1	-23 -29 98
1	-94 63 -91
0	98 22 45
0	111 40 -29
0	46 -62 41
1	-78 31 -79
1	-123 -97 -1
0	33 -13 30
0	56 -58 79
1	-28 64 3
0	70 -65 100
0	-16 53 -81
1	-113 -28 -50
0	48 -35 53
1	47 21 29
1	-179 -79 -54
0	-7 -13 -84
1	-133 -99 7
0	12 -57 -15
1	-188 -48 -88
0	22 23 -39
1	-56 -66 44
1	-71 -35 12
1	-97 13 -97
1	85 91 13
1	-14 6 73
0	17 71 -89
0	33 85 -71
0	-103 -44 -73
0	-3 47 -53
0	-67 -69 -73
0	132 42 5
0	42 27 3
0	105 13 66
0	50 100 -97
1	-213 -86 -87
1	-41 -33 52
0	-28 -9 -85
1	-138 -32 -12
0	147 54 82
0	158 29 72
0	113 75 17
1	106 92 47
1	-152 -54 -30
0	66 9 4
0	-87 -49 -61
0	80 48 -26
0	90 89 -51
0	6 32 -92
0	-52 -94 -45
0	7 44 -99
0	55 -46 63
0	-132 -83 -91
1	-197 -69 -56
0	53 87 -58
0	10 -80 2
0	-14 -92 -17
0	-113 -79 -63
1	-32 2 -8
0	121 46 5
1	-59 -59 30
1	-248 -57 -100
1	-230 -95 -72
1	127 87 83
1	25 57 -3
1	-173 -31 -90
0	64 -48 75
1	106 45 88
1	-175 -43 -92
0	193 75 60
0	65 57 -1
0	111 36 -24
1	-90 -69 4
0	79 71 -40
1	-18 23 43
1	-155 -17 -98
0	-11 -40 -59
1	68 84 -4
0	50 41 0
1	112 76 91
1	-130 55 -89
1	-161 -64 -12
1	-161 -21 -57
0	109 76 -16
1	67 71 61
0	-128 -44 -93
1	91 47 53
0	54 -10 6
0	21 29 -76
0	208 76 81
1	-58 0 -16
1	-29 -54 28
1	-208 -57 -90
0	5 -68 39
0	105 4 77
1	-129 -85 10
0	183 70 84
0	85 91 -42
0	12 5 -76
0	-39 -48 -75
1	-62 5 -34
1	56 72 3
0	80 -27 71
0	-83 -23 -86
1	-92 99 -91
1	-128 -69 34
1	-49 -3 -24
0	118 11 36
0	218 74 46
0	108 60 27
0	-16 -1 -69
0	218 69 87
1	47 66 -2
0	166 71 56
1	-167 -83 -78
0	-46 -51 -78
0	215 91 46
0	57 -14 -23
0	132 12 78
1	1 -49 92
0	46 -15 41
0	78 -85 73
1	-38 -44 29
1	-137 -64 9
1	-228 -58 -88
1	89 74 26
1	-152 -35 -86
0	160 30 65
1	-101 -76 40
0	164 -14 88
1	-57 -28 61
0	-44 23 -78
1	-23 -24 15
1	-96 48 -96
0	60 -97 60
1	-93 -45 22
1	-190 -94 -91
1	-201 -71 -58
1	77 76 36
0	18 -97 87
0	145 29 20
1	-48 57 -48
1	-109 20 -42
1	-69 82 -89
0	-40 -17 -37
1	13 62 -39
1	-73 -82 15
1	-69 10 -67
0	118 53 21
1	-20 -37 81
1	-77 -72 83
0	110 75 -63
0	45 -4 -40
1	-102 60 -78
0	52 61 -75
1	-28 76 -66
1	-183 -47 -95
0	90 43 -39
0	232 84 88
0	-45 -69 11
1	14 90 -73
0	195 78 70
1	-147 -9 -38
0	57 1 48
1	-134 -15 -77
0	-53 -29 -42
1	-108 65 -94
1	69 83 80
1	64 83 38
0	173 76 92
1	-11 75 -23
1	-138 -59 -73
0	11 -58 -25
1	44 39 10
0	-167 -98 -81
1	-90 -44 2
0	236 66 80
0	9 -25 -23
0	-69 -23 -88
0	-88 -7 -98
0	-30 34 -87
0	-24 -31 -52
0	146 14 93
1	-92 -25 -41
1	-122 5 -56
1	-223 -85 -74
1	-242 -49 -97
1	-160 -11 -52
0	15 3 2
1	-72 0 -42
0	-17 -51 -42
0	36 -85 64
0	66 -3 9
1	26 19 31
0	17 -14 -38
0	148 72 48
0	43 58 -31
0	91 -53 80
0	14 -46 -22
1	-49 -7 33
0	-51 -5 -87
1	-2 83 -24
1	-40 62 -61
1	5 50 -9
1	-150 -28 -88
1	-27 89 -25
1	-286 -98 -93
1	-31 98 -69
