0	51 49
0	9 65
0	-7 -52
0	-49 -12
0	74 4
1	-98 61
1	-22 40
0	-13 -54
1	-25 3
1	43 -67
1	95 -13
0	32 51
1	-22 60
0	75 84
1	0 -63
1	-24 51
1	63 -32
1	-95 86
0	35 61
1	-8 49
0	-35 -62
1	65 -67
1	-99 93
0	-8 -91
0	-78 -96
0	-40 -70
1	84 -59
1	64 -49
1	-84 47
1	-54 65
0	42 13
0	70 94
1	-79 38
1	-6 15
0	45 66
1	-65 73
0	70 82
0	12 64
1	72 -46
0	42 39
0	-80 -59
1	20 -59
1	59 -41
0	-59 -24
1	-39 92
1	15 -8
0	65 11
0	-40 -79
0	15 4
1	28 -66
0	-54 -52
0	50 55
0	66 39
0	-54 -40
0	-37 -58
0	-8 -65
1	23 -53
0	91 62
0	21 56
0	7 65
0	-40 -6
1	87 -77
0	-89 -44
1	52 -64
0	-67 -52
0	73 96
0	79 7
0	76 3
0	-3 -71
0	-76 -46
1	38 -59
0	-57 -36
1	-84 88
0	-74 -89
1	3 -32
1	-5 41
1	72 -88
1	69 -36
0	-63 -86
1	92 -32
0	50 67
0	-32 -43
1	77 -56
1	3 -33
1	-25 47
1	40 -67
1	79 -9
1	74 -66
0	-28 -56
0	-79 -99
1	14 -22
1	-65 67
1	57 -48
1	18 -3
0	-83 -28
1	-99 42
1	-74 100
1	-74 20
1	66 -2
0	45 85
1	-85 76
1	22 -45
1	51 -8
0	31 5
0	-87 -2
0	11 21
0	-94 -76
1	-53 4
1	2 -70
1	60 -54
0	-36 -74
1	-50 61
0	59 37
0	-78 -43
1	85 -6
1	37 -68
0	-5 -38
1	-30 37
0	-9 -34
0	71 77
0	66 9
0	-18 -6
1	-66 18
1	-67 52
0	-42 -93
1	-67 85
0	-32 -88
0	45 42
1	-76 48
0	13 64
0	-83 -71
0	88 56
0	-84 -85
0	-61 -47
0	28 2
0	82 94
0	-68 -41
1	-79 20
1	-27 91
1	-64 83
1	34 -42
1	-84 10
0	-18 -2
0	-19 -42
1	78 -55
1	-78 80
0	1 71
1	9 -89
1	-95 63
1	7 -78
0	37 59
1	-12 80
1	-22 49
0	-98 -57
1	83 -6
1	32 -4
1	-55 57
1	96 -6
0	90 77
1	80 -44
1	50 -16
0	-99 -58
0	19 51
1	36 -48
0	13 68
0	-27 -31
0	-65 -95
1	-54 91
0	-77 -13
1	-92 6
0	-44 -35
0	82 44
0	1 33
0	34 39
1	-56 36
1	52 -78
1	-14 95
1	46 -84
1	-58 39
0	-30 -59
1	-99 13
0	90 79
0	3 8
0	17 94
0	99 77
0	81 84
1	-78 46
0	36 87
0	63 69
1	59 -85
1	-9 50
0	-96 -37
0	26 16
1	13 -39
1	78 -10
1	-77 81
1	28 -74
1	-28 17
0	-39 -17
0	75 76
1	76 -18
0	16 61
1	-75 62
0	-100 -55
0	25 89
0	-46 -47
1	-92 15
1	91 -27
0	61 15
1	-13 65
0	79 89
1	-56 68
0	-12 -35
1	-26 41
1	14 -40
0	-95 -22
0	-29 -86
1	24 -35
0	8 32
1	-78 2
0	38 46
0	-39 -88
0	-27 -17
1	-30 89
1	43 -1
1	-2 73
1	-13 95
0	-17 -37
1	-86 95
1	71 -70
0	11 57
0	14 29
0	81 49
0	17 79
0	-18 -16
1	45 -26
0	67 47
1	99 -6
0	-2 -74
1	-21 79
1	-30 10
0	39 44
0	9 30
1	35 -36
0	35 10
0	-20 -81
1	36 0
1	13 -42
0	50 2
0	-20 -87
1	-29 7
0	66 4
0	42 69
1	38 0
0	-32 -5
1	-54 8
1	42 -73
0	-34 -69
0	-28 -63
0	57 97
0	94 47
1	-44 71
1	-16 83
1	57 -28
1	-1 7
0	2 8
0	-78 -99
1	-43 39
1	59 -81
1	92 -69
0	19 20
0	-73 -81
1	-85 96
0	-65 -97
1	-86 96
0	18 25
1	-25 79
1	62 -39
1	-47 91
0	63 79
1	100 -96
0	77 66
0	-33 -94
1	19 -64
1	43 -60
1	-94 60
1	-89 44
0	-33 -14
1	2 -31
1	20 -63
0	60 93
1	84 -56
1	60 -33
1	87 -96
1	18 -38
0	41 19
0	-5 -35
1	-91 4
0	-55 -95
1	-26 91
1	93 -58
1	40 -71
1	-29 69
0	-6 -9
1	-90 12
1	-28 14
0	28 40
0	-11 -49
1	-97 15
1	-98 92
1	56 -8
0	-84 -59
0	33 17
1	-49 32
0	6 33
1	12 -79
1	-62 64
0	69 48
0	62 93
1	-60 63
0	-6 -5
0	-47 -62
0	-92 -88
1	-29 67
0	-55 -9
1	-58 80
0	92 48
1	47 -96
0	54 56
0	-31 -92
1	-19 66
1	21 -45
1	6 -13
1	69 -25
0	-25 -56
1	-76 0
0	56 95
0	70 2
0	-60 -74
1	63 -61
1	-79 65
0	82 14
0	-29 -37
1	58 -58
1	39 -78
0	-16 -42
0	45 94
0	41 79
1	31 -73
1	-87 1
1	-6 31
0	16 8
1	9 -37
1	29 -31
0	72 66
1	22 -51
1	25 -48
0	9 2
0	-48 -86
0	4 70
1	15 -90
1	66 -3
0	29 50
1	97 -58
0	-65 -22
0	37 50
1	34 -65
1	-91 10
0	-3 -79
1	6 -28
1	-33 30
0	28 59
1	92 -80
0	-97 -22
0	-62 -27
1	-12 16
1	-51 0
0	51 25
1	6 -50
1	-69 50
1	7 -100
0	81 82
1	30 -32
1	23 -28
1	-73 48
0	-85 -69
1	83 -90
0	88 7
1	-54 99
0	-58 -69
0	-33 -28
0	-1 -87
1	48 0
0	16 1
1	-89 77
0	85 83
0	-76 -27
0	66 56
1	-42 3
1	42 -66
1	78 -9
0	-93 -26
0	32 21
1	14 -50
0	6 20
0	48 41
1	-80 52
1	17 -69
1	94 -26
1	15 -89
1	71 -45
1	-65 1
1	27 -100
1	-19 80
0	-97 -82
0	-10 -98
1	79 -45
0	76 34
1	-58 43
0	82 3
0	-96 -3
1	-79 61
0	93 82
0	100 66
0	-66 -62
0	-3 -30
0	-100 -43
0	-81 -80
1	45 -18
1	-35 52
1	77 -44
0	14 6
1	-78 32
0	64 96
1	-75 65
0	-86 -76
0	81 85
1	70 -46
1	-87 58
1	-49 44
1	78 -84
1	-78 26
0	-64 -57
0	-66 -47
1	-18 16
1	10 -43
1	-11 62
1	13 -53
1	-87 21
0	-24 -62
1	-6 1
0	-45 -27
1	4 -4
0	78 83
1	58 -13
0	5 37
0	-98 -29
1	-30 12
0	-20 -71
1	78 -27
0	53 97
1	71 -94
1	-18 48
1	-53 88
0	-28 -68
1	82 -85
1	-83 2
0	-12 -9
0	-98 -15
1	-6 3
1	-95 85
0	-3 -91
1	-50 22
1	-63 93
0	27 3
0	-35 -37
1	-25 84
0	-48 -17
1	-60 50
1	58 -43
0	-10 -26
0	-3 -2
0	9 98
0	2 96
0	-11 -74
0	-81 -89
1	-22 85
1	83 -42
0	20 95
0	-36 -73
1	96 -27
1	37 -43
1	11 -19
1	-54 50
1	55 -67
0	2 58
0	66 58
0	-13 -20
0	-74 -66
0	-95 -41
1	62 -38
1	98 -50
0	-64 -90
0	-35 -44
1	-81 41
0	-57 -20
1	-74 63
1	-8 67
0	-64 -90
1	-36 12
0	37 12
0	87 88
0	-9 -75
1	38 -53
0	-13 -17
0	55 83
1	12 -31
1	-10 53
0	6 49
0	52 7
0	-77 -49
1	-94 19
1	1 -59
0	72 82
1	65 -25
0	1 57
0	-19 -55
1	-58 82
0	49 2
1	93 -84
0	80 40
1	-78 50
1	44 -4
1	-64 47
0	13 20
0	-46 -10
0	-17 -65
1	-72 94
0	-81 -51
0	-89 -38
0	49 4
1	100 -91
1	64 -56
1	-47 68
1	46 0
0	69 6
0	-79 -49
1	-84 29
1	-1 100
1	-92 17
1	38 -54
0	73 85
0	-43 -10
1	-44 62
1	18 -94
0	-66 -89
0	40 67
0	-12 -32
0	44 45
1	-16 42
0	-98 -71
0	-52 -18
1	-76 93
1	10 -79
0	-99 -65
1	83 -51
1	27 -64
0	-29 -85
1	-97 5
0	-83 -82
1	-83 20
0	-29 -86
1	-88 80
1	47 -13
0	38 89
1	29 -36
0	29 68
1	53 -45
0	-62 -59
0	23 65
0	-35 -71
1	-90 38
0	-35 -95
1	96 -42
1	84 -99
1	-94 6
1	30 -95
1	9 -41
1	-74 79
1	54 -47
1	-73 94
1	-25 13
0	-90 -40
0	-37 -88
0	37 12
0	-66 -73
0	89 86
0	-97 -32
1	74 -29
1	-58 78
0	-83 -93
0	-59 -14
1	-85 35
0	16 51
0	94 42
1	-7 95
1	54 -55
0	-54 -59
0	-77 -83
0	23 35
1	26 -15
1	6 -84
0	-34 -58
0	-82 -73
1	-50 92
1	64 -1
0	75 12
1	92 -20
0	30 26
0	-90 -73
1	97 -6
0	38 27
1	62 -21
1	58 -61
1	-35 89
1	-18 37
1	26 -61
0	47 100
0	-47 -18
1	-88 82
0	22 73
1	-94 73
0	-82 -52
1	7 -55
1	23 -75
1	17 -17
0	-55 -61
1	26 -50
1	-70 26
1	-1 10
0	-88 -37
0	12 8
1	-63 72
0	9 17
0	-48 -94
1	19 -15
1	-65 89
0	-29 -91
0	81 11
1	61 -61
0	71 12
1	-34 73
1	78 -26
1	-84 5
1	78 -98
1	57 -57
1	8 -45
0	83 63
0	-49 -71
1	-16 96
0	-33 -100
1	-97 67
1	-94 57
1	-58 10
1	78 -55
1	-44 89
1	2 -70
1	23 -58
1	-62 99
1	93 -53
0	-8 -82
0	-85 -2
0	68 22
0	28 2
1	-77 94
0	-18 -95
1	80 -73
1	-11 16
1	91 -71
0	-76 -40
0	87 7
0	54 69
1	-12 76
1	-77 6
1	-36 17
0	-5 -88
0	53 19
0	67 52
0	92 44
0	-22 -14
1	-86 97
1	60 -9
0	-92 -38
0	-14 -51
1	23 -9
0	-48 -2
0	-58 -5
0	62 24
0	64 25
1	-97 51
0	-67 -65
1	-10 46
1	-2 94
1	58 -53
1	-93 31
1	-9 30
0	48 77
1	78 -34
0	45 13
1	-7 91
1	91 -5
1	-70 3
1	97 -37
1	-71 24
0	2 35
0	-1 -93
1	76 -52
0	93 20
1	86 -77
0	-58 -76
1	-15 52
1	-13 70
1	-24 60
1	63 -72
0	-47 -14
0	-85 -45
1	75 -46
0	-18 -29
1	22 -72
1	98 -74
1	-82 44
0	12 89
1	0 -64
0	60 47
0	20 39
1	-44 18
0	72 46
0	-72 -17
0	26 64
1	32 -95
1	89 -18
1	-7 89
0	47 22
1	-84 76
0	94 35
1	60 -60
0	-42 -98
1	-16 62
1	-2 73
1	74 -13
0	-4 -41
1	5 -36
1	-65 95
0	-31 -10
1	53 -57
1	-2 20
0	-34 -13
0	-38 -64
1	90 -84
0	16 57
1	11 -34
0	89 83
1	-35 47
1	15 -23
1	25 -60
0	-11 -97
0	-30 -10
1	20 -95
0	-24 -46
1	-34 34
0	-55 -78
0	-82 -93
0	36 98
0	87 40
0	79 59
1	-9 32
0	61 45
1	-61 84
0	36 81
1	58 -73
1	22 -96
0	78 59
1	-39 29
0	21 47
0	-2 -16
0	89 35
1	68 -34
1	-60 77
0	84 29
1	-100 30
0	45 54
1	99 -74
0	88 8
0	-24 -49
0	-66 -16
1	10 -91
0	84 10
1	-26 27
0	-64 -3
0	60 23
1	-40 68
0	-77 -44
1	83 -6
1	97 -98
1	-57 1
0	55 29
0	-19 -21
1	-15 77
1	88 -95
0	69 55
1	-4 49
1	90 -97
1	29 -41
1	-56 80
1	34 -5
1	79 -3
1	-4 27
1	-72 93
0	17 9
1	-39 98
1	74 -30
1	-1 38
0	47 89
0	85 65
1	-25 3
0	-73 -90
0	29 10
1	88 -38
1	-84 84
1	-60 36
0	-56 -71
1	-23 84
1	-39 81
1	52 -42
0	-52 -97
1	-93 24
1	-13 52
1	-27 68
1	-47 91
1	31 -73
0	-93 -87
0	18 63
0	75 9
0	78 10
0	7 90
1	80 -30
1	-29 57
0	20 100
0	-49 -89
0	57 29
1	-1 18
0	35 99
0	-65 -23
0	-93 -62
0	24 4
1	39 -19
1	-24 3
1	-65 82
0	-13 -21
1	78 -43
1	-95 9
1	-40 28
1	-96 90
0	84 70
0	-56 -58
1	-76 61
1	29 -40
1	-19 0
1	41 -13
1	44 -91
1	49 -81
0	-94 -46
1	84 -46
0	-93 -25
0	-39 -9
0	8 38
0	32 63
0	-42 -95
1	48 -21
0	-98 -39
1	25 -66
1	96 -82
0	-48 -93
0	-52 -36
1	-66 42
0	-54 -84
0	-43 -14
0	-48 -68
0	59 79
1	15 -10
0	-57 -61
1	91 -98
1	59 -40
1	-2 11
1	-55 24
0	-2 -22
1	21 -58
0	64 65
0	-2 -64
1	35 -47
1	-63 78
1	51 -5
1	-22 69
1	-91 18
1	-14 82
1	-74 93
0	-49 -39
0	-38 -8
1	-63 34
1	61 -14
0	79 71
0	-64 -74
1	69 -30
1	87 -55
1	83 -45
0	-99 -81
1	-80 64
0	57 49
1	26 -26
1	-96 66
0	73 25
1	-73 62
1	-57 96
1	26 -92
1	-7 8
0	77 96
0	-55 -84
0	73 59
0	-80 -4
0	87 26
0	11 83
1	-20 57
0	99 71
0	-66 -40
0	-89 -12
0	-20 -19
1	5 -30
0	-7 -66
1	-7 52
1	47 -10
1	47 -58
0	50 33
1	-94 93
0	20 3
1	50 -66
0	70 87
1	89 -7
0	1 21
0	25 19
1	59 -70
0	26 27
1	36 -35
1	-14 44
0	-18 -4
0	96 54
0	-21 -40
0	49 78
0	15 42
1	-40 69
0	-87 -59
1	19 -53
0	7 51
1	-90 92
1	-76 24
1	-23 45
1	-98 92
0	-92 -18
1	84 -6
1	91 -43
0	-90 -99
1	49 -96
1	48 -89
0	23 1
1	-88 79
0	-9 -68
1	66 -73
0	-1 -25
0	-33 -59
0	-58 -38
0	-19 -99
0	-12 -99
1	33 -27
1	-58 73
0	-35 -28
0	29 36
1	53 -91
1	-92 5
1	30 -73
0	-31 -53
1	41 -49
1	-23 37
0	36 37
1	12 -67
1	-64 49
0	-88 -82
0	-39 -72
0	-80 -8
0	26 75
1	52 -88
1	38 -53
