0	47 82
1	49 -88
0	-44 -47
0	92 26
1	70 -49
1	-87 18
1	5 -44
1	-98 85
0	-38 -12
1	-86 17
1	82 -22
0	25 68
1	26 -70
1	-67 86
0	-54 -53
0	12 43
1	-98 49
0	35 64
0	-81 -99
1	-83 22
1	98 -98
1	-53 52
1	-50 98
1	-26 80
0	-20 -91
0	55 58
1	53 -52
1	-57 33
1	-74 35
1	68 -58
1	-73 21
0	-64 -27
1	10 -66
1	85 -30
0	-69 -54
1	-13 36
1	89 -75
0	-49 -100
0	-19 -73
1	29 -64
1	42 -49
0	47 55
0	87 88
0	68 26
1	-60 11
0	-62 -59
0	-27 -81
0	21 42
0	76 19
0	-81 -33
1	97 -9
0	33 79
0	-7 -99
0	14 18
0	22 65
0	-90 -79
0	22 51
0	-43 -100
1	30 -49
0	15 37
0	31 50
0	24 100
0	-88 -63
1	-92 85
1	87 -6
0	36 19
1	-43 6
1	51 -8
0	21 47
1	37 -9
0	-59 -39
1	-10 59
1	-73 6
0	-100 -47
1	83 -6
0	-40 -8
0	14 52
1	-96 50
0	-66 -55
1	-43 41
0	-57 -74
1	70 -65
0	-6 -87
1	-69 37
0	96 44
1	-21 54
1	-93 88
1	7 -30
1	85 -35
1	97 -12
0	72 32
1	-25 37
0	-16 -57
1	-22 15
1	45 -11
0	-31 -7
0	13 11
0	-59 -80
0	-33 -25
1	49 -3
0	-55 -20
0	91 27
1	-85 73
1	-20 76
0	-54 -19
1	9 -40
0	-52 -85
1	-84 27
1	-70 95
0	44 52
1	-44 37
1	-10 87
1	-16 52
0	67 49
0	100 78
1	-35 76
1	36 -58
0	40 63
0	-50 -65
1	97 -88
1	72 -53
1	64 -53
1	90 -23
0	-84 -83
0	72 78
1	-90 17
1	-52 85
0	23 39
0	3 31
1	-38 4
1	93 -21
0	21 67
0	49 56
0	-28 -23
0	-93 -7
0	100 88
1	-59 98
1	-98 58
0	73 74
1	57 -11
0	24 9
1	74 -38
1	79 -1
0	97 76
0	-71 -83
1	-97 11
1	-44 41
1	-91 36
0	11 9
1	-61 60
1	-22 83
0	100 98
1	39 -82
0	-97 -27
1	78 -24
0	-19 -76
0	65 74
1	-33 37
1	8 -98
0	62 66
0	68 1
0	76 43
1	71 -75
1	-95 79
1	-60 2
0	57 15
1	89 -68
0	88 43
0	61 21
1	-67 50
0	86 11
0	-14 -41
1	59 -46
1	37 -35
1	53 -74
0	37 69
0	-54 -57
0	-13 -27
1	-14 25
0	56 10
1	78 -11
0	86 47
1	-45 32
1	62 -63
1	57 -75
0	65 66
1	99 -91
0	34 22
0	18 42
1	-21 27
1	-7 72
1	25 -34
0	-15 -6
0	87 70
1	41 -43
1	70 -70
1	48 -70
1	-30 69
1	-57 24
0	-7 -45
1	92 -69
1	34 -3
0	-73 -57
1	22 -31
0	-100 -1
1	27 -77
0	-33 -65
0	4 22
1	60 -33
0	42 39
1	-64 24
1	8 -28
0	-8 -13
1	-28 88
1	34 -39
1	66 -16
0	23 19
1	13 -100
1	21 -83
1	-83 34
1	27 -65
1	34 -14
1	53 -57
1	-3 90
0	17 97
1	87 -45
1	15 -79
1	-85 50
1	62 -87
1	80 -63
0	72 58
0	-15 -90
1	-5 54
1	49 -53
1	15 -24
1	54 -11
0	28 80
0	-84 -63
1	-62 56
1	75 -52
1	56 -63
1	30 -23
1	-57 74
1	-84 68
0	-38 -48
1	6 -53
1	-75 26
0	-52 -50
1	-45 100
0	3 97
0	-94 -61
1	-87 89
1	-61 88
0	-81 -82
0	-37 -30
0	22 4
1	-27 25
1	42 -21
1	-50 88
0	50 39
1	-44 69
1	-100 28
1	-51 69
1	-72 46
1	-66 88
0	-10 -26
1	68 -29
1	-57 72
0	-57 -37
0	-38 -26
0	-14 -40
0	2 16
0	-15 -18
1	-33 9
1	-100 99
0	-63 -73
1	14 -43
0	20 77
0	-29 -87
1	-59 71
1	86 -11
1	-29 17
1	13 -29
0	-48 -38
1	-38 76
0	-29 -6
0	-37 -35
0	67 11
1	-29 44
0	36 58
0	24 13
1	12 -6
0	-8 -46
0	-84 -47
0	-29 -39
1	42 -32
0	-33 -78
0	83 38
1	57 -80
1	78 -87
0	-60 -62
0	-26 -3
1	-78 34
1	17 -74
0	-43 -11
1	54 -81
0	-91 -85
0	-75 -100
1	-35 2
0	-53 -5
1	87 -24
0	-28 -17
1	-70 13
1	8 -58
0	-4 -58
0	37 2
0	-88 -38
0	82 73
0	52 93
0	-54 -71
1	54 -53
0	-16 -31
1	99 -35
0	-25 -86
1	89 -84
0	-59 -45
1	-89 28
0	90 69
1	-54 48
0	-9 -18
1	31 -94
1	26 -30
0	89 42
1	79 -82
0	-75 -61
0	-11 -84
1	-95 70
0	13 24
0	45 61
1	-32 42
0	77 66
0	-92 -70
1	-33 31
0	76 35
1	63 -47
1	99 -20
1	-49 19
1	-49 58
0	-52 -2
0	-7 -41
0	-56 -41
0	62 22
1	99 -59
1	57 -84
1	24 -95
1	-43 71
0	25 32
1	-34 50
1	-87 75
1	-91 29
1	-88 0
1	-78 69
0	68 7
1	-99 21
1	77 -23
1	-53 95
1	-52 55
1	-14 91
1	-56 57
0	17 81
1	-26 17
1	2 -2
1	-73 0
0	-22 -98
1	87 -19
0	-28 -100
1	-85 5
1	70 -36
1	60 -31
1	99 -3
0	70 93
0	27 16
0	-93 -28
0	41 36
1	48 -98
0	-49 -38
1	2 -96
0	-68 -65
1	-64 53
0	-5 -42
1	-84 0
0	11 1
0	-67 -5
0	-31 -66
1	-48 2
1	28 -9
0	21 79
1	-54 19
0	-4 -23
1	-65 18
1	-92 48
1	92 -85
1	87 -69
1	-100 36
0	-35 -75
1	-19 3
0	-49 -74
1	53 -63
0	55 100
0	-41 -15
1	100 -28
1	-21 51
1	-74 69
1	-25 74
1	-2 94
1	22 -35
1	-98 82
0	18 6
0	-73 -85
1	30 -84
0	-58 -77
0	98 34
1	-11 39
1	-73 29
0	-82 -41
0	73 48
1	-52 61
0	97 66
1	-57 92
1	-9 95
0	46 51
0	-28 -25
1	84 -80
0	48 46
1	-64 56
0	53 22
1	-32 15
1	26 -30
1	-42 33
1	-11 21
1	6 -55
1	95 -13
1	23 -90
0	-91 -1
0	8 19
0	23 68
0	61 28
0	-41 -53
0	-31 -7
1	-78 45
1	57 0
1	90 -27
1	23 -87
0	-57 -31
0	-42 -6
1	66 -61
0	-4 -14
0	-40 -99
0	-56 -4
0	-81 -35
0	96 2
0	-85 -82
0	-86 -82
1	-63 88
0	-74 -15
1	-84 14
1	81 -3
1	11 -99
1	57 -44
1	82 -11
1	84 -48
1	81 -12
0	82 83
1	-37 66
1	87 -82
1	-87 15
1	3 -97
1	-44 39
1	-56 46
1	82 -41
1	-9 56
1	-39 86
0	-2 -39
0	35 73
1	-52 7
1	-71 2
1	62 -43
0	15 42
1	42 -76
0	-99 -55
0	-4 -13
0	83 58
0	35 45
1	-69 70
0	-36 -29
0	29 6
0	-81 -45
1	58 -55
1	-93 50
0	-21 -15
1	-11 5
1	36 -66
0	-65 -77
1	33 -51
0	78 81
0	-80 -15
1	-29 17
0	-74 -49
1	49 -94
1	-63 66
1	-60 43
1	2 -99
0	-44 -62
0	40 19
0	-93 -1
1	-27 6
0	-18 -61
1	-59 8
1	-94 39
1	49 -26
1	69 -26
1	45 -10
1	8 -75
0	-2 -100
1	-5 54
0	-71 -28
0	-5 -91
1	-47 66
0	22 93
1	-10 11
1	-47 52
1	0 -5
1	-83 29
1	-92 81
0	-92 -55
1	79 -54
1	-41 89
0	46 59
0	34 7
1	21 -12
1	-4 16
1	-20 80
0	27 62
1	90 -19
0	88 9
1	55 -44
1	62 -42
0	-7 -75
1	-41 71
1	-49 12
0	49 75
0	-83 -59
1	84 -73
1	-18 61
1	-7 2
1	-71 21
0	-14 -60
0	-43 -32
1	-26 41
0	-83 -1
1	14 -58
1	75 -42
1	-63 50
0	-39 -76
1	-8 46
0	6 50
0	84 23
1	45 -6
0	-52 -16
0	-92 -56
1	-34 6
0	54 86
0	39 57
0	72 57
1	25 -23
0	22 31
0	5 56
0	1 54
1	79 -87
1	-91 68
1	-43 96
1	50 -17
0	60 40
1	-5 57
1	-37 50
1	-83 99
0	15 38
1	56 -13
0	80 44
0	-96 -40
1	36 -41
0	-72 -40
0	48 11
0	91 72
0	92 74
1	41 -16
0	82 78
0	93 44
1	52 -75
0	20 32
0	-13 -79
1	97 -95
1	96 -100
0	100 3
1	96 -39
0	61 48
1	-93 93
1	-12 26
1	-78 77
1	-28 98
1	-5 67
1	-38 25
1	16 -21
0	-39 -14
1	-94 48
1	-7 76
1	-55 42
1	94 -100
0	-47 -18
1	-2 55
0	-40 -85
0	65 42
0	-11 -62
1	-33 81
0	-54 -64
1	-39 40
1	-18 0
0	72 89
1	66 -60
0	43 72
1	9 -8
1	0 -29
1	-45 58
1	21 -83
1	17 -26
0	7 99
1	97 -95
0	34 73
1	-11 61
1	-77 66
0	61 36
0	-33 -35
1	96 -87
0	-5 -77
0	18 74
0	-36 -80
0	-59 -86
1	-21 9
0	-100 -1
0	-64 -10
1	84 -13
0	-99 -25
1	87 -94
1	-89 99
1	34 -90
1	7 -64
0	-90 -59
1	54 -48
1	-16 54
0	-37 -39
1	-58 30
1	22 -91
0	-61 -90
0	-65 -13
1	-19 8
1	-45 75
1	6 -85
0	-30 -35
0	9 41
0	-28 -81
0	-17 -62
1	37 -48
1	64 -52
0	-31 -45
0	-29 -74
1	-3 22
1	30 -17
1	2 -11
0	-1 -22
0	85 25
0	92 54
0	-89 -96
0	-71 -43
0	6 94
0	-75 -36
0	-6 -87
1	-77 95
0	56 70
0	-15 -77
1	-80 3
0	83 82
1	19 -51
1	89 -40
1	-88 75
0	-66 -87
0	88 90
0	-46 -25
0	-36 -54
0	-38 -57
1	43 -36
1	-18 18
1	-100 59
1	-29 76
0	43 69
0	62 14
1	-46 47
1	-47 86
0	86 93
0	-71 -57
1	-84 78
0	-83 -82
1	90 -56
0	-59 -57
1	-20 1
1	-5 16
0	-66 -88
1	-73 62
1	-96 17
0	-55 -54
1	9 -13
1	-37 86
0	-22 -2
1	-88 25
1	-31 8
0	-63 -6
1	-40 55
0	-30 -73
0	62 11
1	20 -29
1	32 -69
1	-18 1
0	27 82
1	67 -42
0	34 39
0	67 97
0	1 37
1	56 -29
0	-32 -36
1	-62 57
1	-99 66
1	-2 98
0	-73 -28
0	-15 -51
1	0 48
1	0 -88
1	61 -42
1	-58 43
0	77 20
1	90 -1
0	-2 -95
1	-46 81
0	-24 -2
1	66 -15
1	-42 43
1	74 -61
1	-30 11
0	10 38
0	-93 -26
1	69 -75
1	94 -30
0	-46 -80
0	-24 -61
0	71 33
1	-13 20
1	-79 2
0	-65 -9
1	-25 31
0	-38 -76
1	27 -13
0	95 81
0	-91 -58
1	-99 34
1	89 -81
0	-97 -94
0	57 82
0	60 51
0	-58 -69
1	26 -60
0	79 72
0	44 98
1	12 -2
0	57 58
0	92 2
1	-69 75
0	48 63
1	51 -44
1	-4 7
1	-23 48
0	-99 -13
0	-83 -74
1	-94 70
0	-6 -68
0	22 89
0	-39 -83
0	-82 -75
1	-56 43
1	-88 18
1	-86 70
0	-5 -82
0	28 97
0	53 58
0	-34 -48
0	19 6
1	-48 90
1	-32 34
0	-88 -5
1	12 -52
1	59 -40
1	-45 58
0	-43 -62
1	42 -15
1	-88 9
1	100 -61
0	16 78
0	-28 -46
0	24 31
1	15 -81
0	96 81
0	66 98
0	71 94
0	84 43
1	-100 64
1	76 -63
0	68 88
0	-59 -63
1	24 -81
1	39 -26
0	59 30
1	-22 50
0	66 86
0	-31 -45
0	-16 -77
1	-38 46
0	-7 -74
1	15 -46
0	-27 -17
1	42 -28
0	31 90
1	67 -76
1	53 -13
1	95 -34
0	14 63
0	81 59
0	71 91
1	-20 67
0	67 58
1	-80 42
0	97 98
1	-96 77
1	12 -16
1	83 -29
1	98 -38
1	-42 97
1	-41 4
1	-51 66
0	-45 -63
1	-40 2
1	3 -88
1	94 -24
0	51 61
0	64 18
0	-22 -79
1	-18 51
1	-3 56
0	59 61
0	81 61
1	-10 23
0	-71 -30
0	55 70
0	-6 -46
1	78 -60
1	2 -72
0	-6 -28
1	76 -84
0	26 96
0	-51 -44
0	-25 -74
1	69 -59
0	17 12
0	68 27
0	57 97
1	99 -83
0	89 90
1	90 -23
0	-91 -82
1	12 -57
0	-2 -26
1	-75 50
1	-71 20
1	93 -42
0	45 94
0	65 33
0	22 29
1	-85 23
0	-1 -75
1	98 -7
1	-65 32
1	-29 71
1	38 -12
0	95 56
1	73 -51
0	83 98
0	82 73
1	93 -17
1	43 -42
1	-85 32
0	7 27
0	50 30
1	-59 80
0	8 22
0	24 54
0	13 16
0	-84 -18
1	23 -55
0	21 87
1	97 -1
1	44 -82
1	-64 90
1	34 -6
1	-91 89
0	-2 -38
1	-81 35
0	-79 -85
1	-80 33
0	-83 -97
0	1 76
1	-97 48
1	85 -25
0	57 84
1	65 -28
0	23 33
0	95 9
0	-61 -38
0	79 89
0	6 99
1	-90 58
0	-66 -76
1	-38 44
0	-80 -75
0	-72 -73
1	25 -89
0	-20 -56
1	71 -95
0	37 1
1	-45 3
0	68 74
0	-81 -56
1	-34 38
1	52 -46
0	-59 -42
0	-33 -26
0	92 41
0	-37 -67
1	-51 97
0	-63 -94
1	-73 75
0	-16 -5
1	61 -2
1	26 0
1	70 -84
0	59 26
0	-22 -7
0	-27 -23
0	57 37
0	-8 -47
0	2 83
1	-10 90
0	-61 -62
1	-67 22
0	4 26
1	96 -46
1	-67 80
0	-40 -92
0	30 50
1	-12 48
1	73 -75
0	96 68
0	6 73
0	95 21
1	-4 54
1	-85 14
1	34 -52
0	-74 -5
0	62 89
0	5 55
0	-16 -61
1	8 -80
1	59 -73
1	56 -80
0	32 86
0	-45 -86
1	85 -6
1	88 -63
1	66 -16
0	-38 -6
1	-51 79
1	-4 37
1	90 -21
0	14 48
1	-100 32
